,Id,MSSubClass,LotFrontage,LotArea,OverallQual,OverallCond,YearBuilt,YearRemodAdd,MasVnrArea,BsmtFinSF1,BsmtFinSF2,BsmtUnfSF,TotalBsmtSF,1stFlrSF,2ndFlrSF,LowQualFinSF,GrLivArea,BsmtFullBath,BsmtHalfBath,FullBath,HalfBath,BedroomAbvGr,KitchenAbvGr,TotRmsAbvGrd,Fireplaces,GarageYrBlt,GarageCars,GarageArea,WoodDeckSF,OpenPorchSF,EnclosedPorch,3SsnPorch,ScreenPorch,PoolArea,MiscVal,MoSold,YrSold,SalePrice
Id,1.0,0.011156478201382672,-0.010600688552399245,-0.03322551858568492,-0.028364753937537245,0.012608924775951698,-0.012712715387846654,-0.021997641857505437,-0.05029779517170459,-0.0050240490416610575,-0.005967671960281668,-0.007939703357717261,-0.015414566107910999,0.010496040954083016,0.005589848886158616,-0.04422995808659233,0.008272757661810213,0.002288555600833932,-0.02015474521553456,0.005587452907357383,0.006783811284297757,0.03771855422321125,0.0029512363577246527,0.027238724409455572,-0.019771632442392516,7.239023599542003e-05,0.016569677112146044,0.017633778453766888,-0.02964319715640263,-0.00047691132479109967,0.002889217865750098,-0.04663478886742706,0.0013302086301727792,0.057043904789252,-0.0062424048483025575,0.021172176550393426,0.0007117940170476534,-0.021916719443431112
MSSubClass,0.011156478201382672,1.0,-0.3863468853449303,-0.13978108172014636,0.032627707521842186,-0.05931581708410461,0.027850136946706617,0.0405810447840647,0.022936285894197175,-0.06983574916710103,-0.06564857918852456,-0.14075948083501214,-0.23851840931512,-0.2517583518783804,0.30788572075985965,0.04647375589951825,0.07485317965779979,0.00349102577904494,-0.0023325345518021793,0.13160822241028183,0.17735438864391526,-0.02343802846062763,0.281721040264881,0.04038006478367577,-0.045569340274569284,0.08507186950664651,-0.04010979313578374,-0.09867154319256446,-0.012579358249219704,-0.0061001212319422415,-0.012036621902094572,-0.04382454917560825,-0.026030176699806493,0.008282707579624323,-0.007683291329866207,-0.013584643238322446,-0.021407037851093803,-0.08428413512659523
LotFrontage,-0.010600688552399245,-0.3863468853449303,1.0,0.4260950187718087,0.25164577548061245,-0.05921345000524757,0.12334946703331695,0.08886557249206857,0.19345806055826895,0.23363316701975517,0.04989967669098971,0.13264374162493386,0.39207457637917215,0.4571810019946558,0.0801772706242048,0.038468534328960156,0.40279741408532066,0.10094856694926896,-0.007234304524918143,0.1987686778973781,0.05353185497960573,0.26316991588106087,-0.006068830161309095,0.35209594766022567,0.2666394825603015,0.07024978191661561,0.28569092468510454,0.34499672410648324,0.08852093328940891,0.15197222768060648,0.01070033663888262,0.07002922773085192,0.04138279067500541,0.20616677527607583,0.0033675565961912833,0.011199954759134191,0.007449589209775585,0.35179909657067854
LotArea,-0.03322551858568492,-0.13978108172014636,0.4260950187718087,1.0,0.10580574175496442,-0.005636270274099174,0.014227651757024678,0.013788427078154822,0.10415982154021164,0.21410313070557835,0.11116974549624932,-0.0026183599500954335,0.26083313454515794,0.29947457850776354,0.05098594829349351,0.004778969866349652,0.26311616716714836,0.1581545310600175,0.048045570888297716,0.1260306265196434,0.014259468566431727,0.11968990815131679,-0.017783870504841866,0.19001477762540772,0.2713640096245405,-0.02494741866564036,0.15487073975354074,0.18040275515111656,0.17169768725711357,0.08477380884021646,-0.018339733672212276,0.020422829586133177,0.043160377695251814,0.07767239188017415,0.03806769201918441,0.0012049882225877388,-0.014261407298531923,0.2638433538714063
OverallQual,-0.028364753937537245,0.032627707521842186,0.25164577548061245,0.10580574175496442,1.0,-0.09193234263907184,0.572322768962362,0.550683924194174,0.41187566727767955,0.23966596617889305,-0.05911869267069023,0.30815892690564345,0.5378084986123927,0.4762238290781775,0.29549287919971035,-0.03042928397960494,0.5930074300286511,0.11109778614230408,-0.04015015766998875,0.5505997093682552,0.27345809864277076,0.10167635624178653,-0.18388223454922223,0.42745234327798615,0.39676503795208756,0.5477658448351637,0.6006707165907189,0.5620217566126064,0.23892339224919107,0.30881882335945265,-0.11393685859568092,0.03037056713526411,0.06488636049351724,0.06516584360589141,-0.03140621050074753,0.07081517178517302,-0.02734670832780769,0.7909816005838047
OverallCond,0.012608924775951698,-0.05931581708410461,-0.05921345000524757,-0.005636270274099174,-0.09193234263907184,1.0,-0.37598319560698873,0.07374149814528969,-0.12810119916569077,-0.046230855918224914,0.04022916989976808,-0.1368405698935219,-0.17109751462492115,-0.1442027840490588,0.028942115965816365,0.025494319914214247,-0.07968586538833754,-0.054941515432952504,0.117820915081395,-0.19414948874930252,-0.06076932676159386,0.012980060094550657,-0.08700085543637874,-0.05758316611286472,-0.02381997776166174,-0.3242967325294011,-0.1857575105783602,-0.1515213705702289,-0.00333369928938553,-0.03258881352158479,0.07035618448230385,0.025503660024131836,0.05481052878611371,-0.0019849422681843475,0.06877680605724883,-0.0035108385999397577,0.043949745692480675,-0.0778558940486776
YearBuilt,-0.012712715387846654,0.027850136946706617,0.12334946703331695,0.014227651757024678,0.572322768962362,-0.37598319560698873,1.0,0.5928549763436497,0.31570706243619523,0.24950319668479937,-0.049106831196239806,0.14904039195440044,0.39145200206609476,0.28198585869980175,0.01030765958436373,-0.18378434437372668,0.1990097136764581,0.1875985499971459,-0.038161805671233694,0.4682707871726734,0.24265591024106203,-0.07065121690473095,-0.1748002456149784,0.0955891282979514,0.1477163994124546,0.8256674841743434,0.5378500917111045,0.4789538198934912,0.22488014230399725,0.18868584000173075,-0.38726778292807656,0.03135451306436335,-0.05036443453861163,0.00494972761594348,-0.03438313873672352,0.012398470595442182,-0.013617680001842058,0.5228973328794967
YearRemodAdd,-0.021997641857505437,0.0405810447840647,0.08886557249206857,0.013788427078154822,0.550683924194174,0.07374149814528969,0.5928549763436497,1.0,0.1796183707355165,0.12845054712828968,-0.06775851356598678,0.18113308705016823,0.29106558260416654,0.24037926760355563,0.14002377880486408,-0.0624191000783343,0.28738851965033274,0.1194698791112425,-0.01233703212779989,0.43904648387234635,0.18333061171853401,-0.04058092806774957,-0.14959752104274765,0.1917398162928071,0.11258131843947493,0.6422767797035414,0.4206221549432185,0.371599809497309,0.20572592049010316,0.2262976326829877,-0.19391914709920693,0.04528580981497537,-0.03874001074260982,0.0058293720371077355,-0.010286248783081717,0.021490002226876855,0.03574324712128322,0.5071009671113867
MasVnrArea,-0.05029779517170459,0.022936285894197175,0.19345806055826895,0.10415982154021164,0.41187566727767955,-0.12810119916569077,0.31570706243619523,0.1796183707355165,1.0,0.2647362647138647,-0.07231884820335596,0.11444206231380714,0.3639362217744695,0.3445007468899201,0.17456147345742778,-0.06907085606589486,0.3908566397384352,0.08530982868972696,0.02667282815510286,0.2768328472369822,0.20144394692967793,0.10282115127801826,-0.037610251819868996,0.28068169460850473,0.24906961283714132,0.25269077499033554,0.3642036400698638,0.37306648160023304,0.15971813436595525,0.1257027966825022,-0.11020383387243465,0.01879551529491412,0.06146554318732059,0.011723061213266746,-0.029815393585278842,-0.0059647155091142635,-0.008201030967105458,0.4774930470957107
BsmtFinSF1,-0.0050240490416610575,-0.06983574916710103,0.23363316701975517,0.21410313070557835,0.23966596617889305,-0.046230855918224914,0.24950319668479937,0.12845054712828968,0.2647362647138647,1.0,-0.05011740004715191,-0.49525146925701485,0.5223960519923907,0.4458626560920095,-0.13707898608005406,-0.0645025969214698,0.20817113014532806,0.6492117535742737,0.0674184779101191,0.058543136861595575,0.004262424384486897,-0.10735467682307238,-0.08100685077857563,0.0443156239129205,0.2600109202350418,0.153484098026779,0.22405352239399126,0.29697038534451464,0.20430614523740545,0.11176061335675173,-0.10230330550073302,0.026450506189898835,0.06202062266535013,0.14049128625495722,0.003571473474954832,-0.015726948262154733,0.014358922393912487,0.38641980624215627
BsmtFinSF2,-0.005967671960281668,-0.06564857918852456,0.04989967669098971,0.11116974549624932,-0.05911869267069023,0.04022916989976808,-0.049106831196239806,-0.06775851356598678,-0.07231884820335596,-0.05011740004715191,1.0,-0.20929449241994658,0.10480953760636849,0.09711744845667107,-0.09926031602264533,0.014806997946834337,-0.00963989155180548,0.15867806078170232,0.07094813365590494,-0.07644386196518434,-0.032147837468965525,-0.015728113626581382,-0.040751236448406995,-0.035226547947523404,0.0469207088260135,-0.08801081541220061,-0.038263512869251774,-0.018226591907316646,0.06789832641361276,0.0030925622098945888,0.03654333944820929,-0.029993397993919868,0.08887125137339077,0.041709054681333034,0.0049397812284377755,-0.015210737972006717,0.03170563698488748,-0.011378121450215216
BsmtUnfSF,-0.007939703357717261,-0.14075948083501214,0.13264374162493386,-0.0026183599500954335,0.30815892690564345,-0.1368405698935219,0.14904039195440044,0.18113308705016823,0.11444206231380714,-0.49525146925701485,-0.20929449241994658,1.0,0.41535960518158943,0.3179874383527257,0.004469092144542394,0.028166688132741903,0.24025726834993516,-0.4229004773832192,-0.09580428815248464,0.2888860554869107,-0.041117530144551086,0.16664331698696383,0.030085868314000223,0.25064706137624776,0.051574882289541504,0.19070827345893301,0.21417518975021707,0.18330269774258381,-0.005316424333062044,0.1290054146154213,-0.0025378545897515683,0.02076400569654775,-0.012579273444256776,-0.035092240793657865,-0.02383664513450834,0.03488844300908199,-0.041258194938762024,0.214479105546969
TotalBsmtSF,-0.015414566107910999,-0.23851840931512,0.39207457637917215,0.26083313454515794,0.5378084986123927,-0.17109751462492115,0.39145200206609476,0.29106558260416654,0.3639362217744695,0.5223960519923907,0.10480953760636849,0.41535960518158943,1.0,0.8195299750050355,-0.17451195013495976,-0.03324538734745721,0.4548682025479028,0.30735055373550824,-0.00031458181983372096,0.32372241360664983,-0.048803738635211875,0.05044995551267859,-0.06890064264201692,0.2855725637257923,0.3395193238986534,0.3224451736794758,0.43458483429168826,0.48666546377379655,0.23201860912901978,0.2472637462881077,-0.0954777367064077,0.03738372726300451,0.08448898591431103,0.12605313210083696,-0.018478922431472533,0.013196178616778513,-0.01496864801875107,0.6135805515591944
1stFlrSF,0.010496040954083016,-0.2517583518783804,0.4571810019946558,0.29947457850776354,0.4762238290781775,-0.1442027840490588,0.28198585869980175,0.24037926760355563,0.3445007468899201,0.4458626560920095,0.09711744845667107,0.3179874383527257,0.8195299750050355,1.0,-0.20264618100231988,-0.014240672666431465,0.5660239689357487,0.24467110424771435,0.001955653582048776,0.38063749497350763,-0.11991590879396018,0.12740074939236587,0.06810058817691354,0.40951597886682883,0.41053108465984434,0.23344909271486305,0.43931680799067063,0.4897816541041915,0.23545862278369958,0.21167122549798492,-0.06529170091030902,0.05610437448487474,0.0887580726201564,0.13152497564028195,-0.02109571946312286,0.031371560352079074,-0.013603770504648229,0.6058521846919166
2ndFlrSF,0.005589848886158616,0.30788572075985965,0.0801772706242048,0.05098594829349351,0.29549287919971035,0.028942115965816365,0.01030765958436373,0.14002377880486408,0.17456147345742778,-0.13707898608005406,-0.09926031602264533,0.004469092144542394,-0.17451195013495976,-0.20264618100231988,1.0,0.06335295010932407,0.6875010641666008,-0.16949395173100076,-0.02385478393704534,0.42137798287597156,0.6097073002717444,0.5029006133459021,0.05930575264821606,0.6164226354915353,0.1945608922413219,0.07083233971737964,0.18392558307637655,0.1383469585718656,0.09216541758603838,0.2080260631813553,0.061988690773251,-0.0243576484220475,0.04060644764100074,0.08148687804909924,0.01619687460438891,0.03516442736179051,-0.028699913935284663,0.31933380283206614
LowQualFinSF,-0.04422995808659233,0.04647375589951825,0.038468534328960156,0.004778969866349652,-0.03042928397960494,0.025494319914214247,-0.18378434437372668,-0.0624191000783343,-0.06907085606589486,-0.0645025969214698,0.014806997946834337,0.028166688132741903,-0.03324538734745721,-0.014240672666431465,0.06335295010932407,1.0,0.13468281300660345,-0.04714342189826147,-0.005841504819311943,-0.0007095096206728,-0.02708004931716963,0.10560656854090972,0.007521744344234544,0.1311847759895512,-0.0212721434139402,-0.03636323404233951,-0.09447952015593507,-0.06760141323952353,-0.025443647988792197,0.0182510390539997,0.06108123777122828,-0.004295610410300117,0.026799413021772037,0.062157372269196445,-0.0037928707799966834,-0.02217396057953832,-0.028920879782297997,-0.02560613000068015
GrLivArea,0.008272757661810213,0.07485317965779979,0.40279741408532066,0.26311616716714836,0.5930074300286511,-0.07968586538833754,0.1990097136764581,0.28738851965033274,0.3908566397384352,0.20817113014532806,-0.00963989155180548,0.24025726834993516,0.4548682025479028,0.5660239689357487,0.6875010641666008,0.13468281300660345,1.0,0.0348360495449059,-0.018918483170635034,0.6300116462511144,0.41577163610526024,0.5212695109189988,0.1000631647377552,0.8254893743088377,0.46167913376144376,0.23119674063336287,0.46724741879518455,0.4689974773229643,0.24743282051884927,0.3302239617119999,0.009113210326003124,0.0206431897101862,0.10151039568208489,0.1702053360005609,-0.0024156395502937167,0.05023968081827258,-0.036525819624723004,0.7086244776126511
BsmtFullBath,0.002288555600833932,0.00349102577904494,0.10094856694926896,0.1581545310600175,0.11109778614230408,-0.054941515432952504,0.1875985499971459,0.1194698791112425,0.08530982868972696,0.6492117535742737,0.15867806078170232,-0.4229004773832192,0.30735055373550824,0.24467110424771435,-0.16949395173100076,-0.04714342189826147,0.0348360495449059,1.0,-0.14787096054760482,-0.0645120486313163,-0.030904959142533415,-0.15067280920796106,-0.041502546431483184,-0.05327523612339759,0.13792770842720137,0.12455252442364917,0.13188122440619826,0.17918948042023325,0.1753151900797277,0.067341461376983,-0.04991064908375369,-0.00010609153998427328,0.023147725763573823,0.06761555618047593,-0.023047024868617455,-0.025360894315260153,0.06704913767140783,0.22712223313149718
BsmtHalfBath,-0.02015474521553456,-0.0023325345518021793,-0.007234304524918143,0.048045570888297716,-0.04015015766998875,0.117820915081395,-0.038161805671233694,-0.01233703212779989,0.02667282815510286,0.0674184779101191,0.07094813365590494,-0.09580428815248464,-0.00031458181983372096,0.001955653582048776,-0.02385478393704534,-0.005841504819311943,-0.018918483170635034,-0.14787096054760482,1.0,-0.05453581198363702,-0.012339900052275348,0.04651884838995185,-0.03794435022720132,-0.023836341262220805,0.028975586646260102,-0.07746361238070264,-0.02089105899687898,-0.024535579578879658,0.04016122325953598,-0.025323757889057975,-0.008555333868578433,0.03511363088677233,0.03212140720908456,0.020024629838516175,-0.007366524543625966,0.03287270523409076,-0.04652388177402218,-0.016844154297359294
FullBath,0.005587452907357383,0.13160822241028183,0.1987686778973781,0.1260306265196434,0.5505997093682552,-0.19414948874930252,0.4682707871726734,0.43904648387234635,0.2768328472369822,0.058543136861595575,-0.07644386196518434,0.2888860554869107,0.32372241360664983,0.38063749497350763,0.42137798287597156,-0.0007095096206728,0.6300116462511144,-0.0645120486313163,-0.05453581198363702,1.0,0.13638058874914522,0.3632519830232792,0.13311521419603795,0.5547842535334817,0.24367050307991178,0.4845573867195183,0.4696720432676313,0.4056562084540095,0.18770321383582753,0.25997742546825087,-0.11509296346134372,0.03535301658385324,-0.008106093328111913,0.04960382558403352,-0.01428984497085004,0.05587212899172362,-0.019668840691523498,0.5606637627484452
HalfBath,0.006783811284297757,0.17735438864391526,0.05353185497960573,0.014259468566431727,0.27345809864277076,-0.06076932676159386,0.24265591024106203,0.18333061171853401,0.20144394692967793,0.004262424384486897,-0.032147837468965525,-0.041117530144551086,-0.048803738635211875,-0.11991590879396018,0.6097073002717444,-0.02708004931716963,0.41577163610526024,-0.030904959142533415,-0.012339900052275348,0.13638058874914522,1.0,0.22665148415094155,-0.06826254889694165,0.34341485754091505,0.20364850809521526,0.19678517580586416,0.2191781521671551,0.16354936401660505,0.10808030267536159,0.1997401475127926,-0.0953165257360886,-0.004972488417316253,0.07242584517037905,0.022381498055409857,0.0012901448492835638,-0.009049888212650297,-0.010268668868104026,0.2841076755947784
BedroomAbvGr,0.03771855422321125,-0.02343802846062763,0.26316991588106087,0.11968990815131679,0.10167635624178653,0.012980060094550657,-0.07065121690473095,-0.04058092806774957,0.10282115127801826,-0.10735467682307238,-0.015728113626581382,0.16664331698696383,0.05044995551267859,0.12740074939236587,0.5029006133459021,0.10560656854090972,0.5212695109189988,-0.15067280920796106,0.04651884838995185,0.3632519830232792,0.22665148415094155,1.0,0.19859675770713586,0.6766199357426479,0.10756968099132405,-0.06451843698438695,0.08610643768835352,0.06525252989881658,0.04685377306989432,0.09380957160591488,0.041570434519598465,-0.02447779636611465,0.04429969112713488,0.0707025835654749,0.007766971998717766,0.04654385993628257,-0.03601389283371496,0.1682131543007415
KitchenAbvGr,0.0029512363577246527,0.281721040264881,-0.006068830161309095,-0.017783870504841866,-0.18388223454922223,-0.08700085543637874,-0.1748002456149784,-0.14959752104274765,-0.037610251819868996,-0.08100685077857563,-0.040751236448406995,0.030085868314000223,-0.06890064264201692,0.06810058817691354,0.05930575264821606,0.007521744344234544,0.1000631647377552,-0.041502546431483184,-0.03794435022720132,0.13311521419603795,-0.06826254889694165,0.19859675770713586,1.0,0.25604540853594737,-0.12393623529689538,-0.1244114015700182,-0.05063389240221826,-0.06443304718314428,-0.09013027267903431,-0.07009060989258631,0.03731238503296977,-0.024600358690531933,-0.051613366061480426,-0.014525116015980933,0.062340724004381246,0.02658890723091537,0.03168720650065513,-0.1359073708421417
TotRmsAbvGrd,0.027238724409455572,0.04038006478367577,0.35209594766022567,0.19001477762540772,0.42745234327798615,-0.05758316611286472,0.0955891282979514,0.1917398162928071,0.28068169460850473,0.0443156239129205,-0.035226547947523404,0.25064706137624776,0.2855725637257923,0.40951597886682883,0.6164226354915353,0.1311847759895512,0.8254893743088377,-0.05327523612339759,-0.023836341262220805,0.5547842535334817,0.34341485754091505,0.6766199357426479,0.25604540853594737,1.0,0.3261144801771966,0.14811171558596414,0.3622885708147703,0.33782212063683476,0.1659838837149338,0.23419158783159674,0.004151299023856478,-0.006683241010939456,0.05938259955941124,0.08375734951492322,0.024762884163585016,0.036907077159844086,-0.03451635430217487,0.5337231555820238
Fireplaces,-0.019771632442392516,-0.045569340274569284,0.2666394825603015,0.2713640096245405,0.39676503795208756,-0.02381997776166174,0.1477163994124546,0.11258131843947493,0.24906961283714132,0.2600109202350418,0.0469207088260135,0.051574882289541504,0.3395193238986534,0.41053108465984434,0.1945608922413219,-0.0212721434139402,0.46167913376144376,0.13792770842720137,0.028975586646260102,0.24367050307991178,0.20364850809521526,0.10756968099132405,-0.12393623529689538,0.3261144801771966,1.0,0.04682164840190579,0.30078876630134843,0.26914123807386986,0.20001879575902295,0.16940532713120174,-0.024821868537068383,0.011257238992774685,0.1845302695168495,0.09507352203619714,0.0014086054430456946,0.04635710249771935,-0.02409556498069903,0.4669288367515242
GarageYrBlt,7.239023599542003e-05,0.08507186950664651,0.07024978191661561,-0.02494741866564036,0.5477658448351637,-0.3242967325294011,0.8256674841743434,0.6422767797035414,0.25269077499033554,0.153484098026779,-0.08801081541220061,0.19070827345893301,0.3224451736794758,0.23344909271486305,0.07083233971737964,-0.03636323404233951,0.23119674063336287,0.12455252442364917,-0.07746361238070264,0.4845573867195183,0.19678517580586416,-0.06451843698438695,-0.1244114015700182,0.14811171558596414,0.04682164840190579,1.0,0.5889200070047019,0.5645670607230588,0.22457699198793515,0.228424578771982,-0.29700260305572995,0.023543689573667856,-0.07541751376190625,-0.014500678563704943,-0.03241745782126128,0.005337025760369664,-0.001014277871289831,0.48636167748786213
GarageCars,0.016569677112146044,-0.04010979313578374,0.28569092468510454,0.15487073975354074,0.6006707165907189,-0.1857575105783602,0.5378500917111045,0.4206221549432185,0.3642036400698638,0.22405352239399126,-0.038263512869251774,0.21417518975021707,0.43458483429168826,0.43931680799067063,0.18392558307637655,-0.09447952015593507,0.46724741879518455,0.13188122440619826,-0.02089105899687898,0.4696720432676313,0.2191781521671551,0.08610643768835352,-0.05063389240221826,0.3622885708147703,0.30078876630134843,0.5889200070047019,1.0,0.8824754142814603,0.22634213846985612,0.21356944558969018,-0.15143416002683852,0.03576528514645337,0.0504937919271977,0.020933531041465493,-0.043080128102231184,0.040521730128251617,-0.03911690411283574,0.640409197258349
GarageArea,0.017633778453766888,-0.09867154319256446,0.34499672410648324,0.18040275515111656,0.5620217566126064,-0.1515213705702289,0.4789538198934912,0.371599809497309,0.37306648160023304,0.29697038534451464,-0.018226591907316646,0.18330269774258381,0.48666546377379655,0.4897816541041915,0.1383469585718656,-0.06760141323952353,0.4689974773229643,0.17918948042023325,-0.024535579578879658,0.4056562084540095,0.16354936401660505,0.06525252989881658,-0.06443304718314428,0.33782212063683476,0.26914123807386986,0.5645670607230588,0.8824754142814603,1.0,0.22466630717876454,0.24143467213808723,-0.12177671956100364,0.03508670020815936,0.05141176244520807,0.0610472717020595,-0.02739991441262575,0.02797379982354043,-0.027377940418558608,0.6234314389183598
WoodDeckSF,-0.02964319715640263,-0.012579358249219704,0.08852093328940891,0.17169768725711357,0.23892339224919107,-0.00333369928938553,0.22488014230399725,0.20572592049010316,0.15971813436595525,0.20430614523740545,0.06789832641361276,-0.005316424333062044,0.23201860912901978,0.23545862278369958,0.09216541758603838,-0.025443647988792197,0.24743282051884927,0.1753151900797277,0.04016122325953598,0.18770321383582753,0.10808030267536159,0.04685377306989432,-0.09013027267903431,0.1659838837149338,0.20001879575902295,0.22457699198793515,0.22634213846985612,0.22466630717876454,1.0,0.05866060856588831,-0.12598888803760044,-0.03277063359357437,-0.07418135123983265,0.073378206956454,-0.009551228238372386,0.021011044294297343,0.022270451009255326,0.32441344456813076
OpenPorchSF,-0.00047691132479109967,-0.0061001212319422415,0.15197222768060648,0.08477380884021646,0.30881882335945265,-0.03258881352158479,0.18868584000173075,0.2262976326829877,0.1257027966825022,0.11176061335675173,0.0030925622098945888,0.1290054146154213,0.2472637462881077,0.21167122549798492,0.2080260631813553,0.0182510390539997,0.3302239617119999,0.067341461376983,-0.025323757889057975,0.25997742546825087,0.1997401475127926,0.09380957160591488,-0.07009060989258631,0.23419158783159674,0.16940532713120174,0.228424578771982,0.21356944558969018,0.24143467213808723,0.05866060856588831,1.0,-0.09307931750864905,-0.005842499340135787,0.0743039438502424,0.06076211148992545,-0.018583738987649454,0.0712548847586891,-0.05761936014209498,0.31585622711605577
EnclosedPorch,0.002889217865750098,-0.012036621902094572,0.01070033663888262,-0.018339733672212276,-0.11393685859568092,0.07035618448230385,-0.38726778292807656,-0.19391914709920693,-0.11020383387243465,-0.10230330550073302,0.03654333944820929,-0.0025378545897515683,-0.0954777367064077,-0.06529170091030902,0.061988690773251,0.06108123777122828,0.009113210326003124,-0.04991064908375369,-0.008555333868578433,-0.11509296346134372,-0.0953165257360886,0.041570434519598465,0.03731238503296977,0.004151299023856478,-0.024821868537068383,-0.29700260305572995,-0.15143416002683852,-0.12177671956100364,-0.12598888803760044,-0.09307931750864905,1.0,-0.03730528278804631,-0.08286424483260406,0.0542025622921423,0.01836060013944818,-0.02888726570714225,-0.009915936955525128,-0.12857795792595636
3SsnPorch,-0.04663478886742706,-0.04382454917560825,0.07002922773085192,0.020422829586133177,0.03037056713526411,0.025503660024131836,0.03135451306436335,0.04528580981497537,0.01879551529491412,0.026450506189898835,-0.029993397993919868,0.02076400569654775,0.03738372726300451,0.05610437448487474,-0.0243576484220475,-0.004295610410300117,0.0206431897101862,-0.00010609153998427328,0.03511363088677233,0.03535301658385324,-0.004972488417316253,-0.02447779636611465,-0.024600358690531933,-0.006683241010939456,0.011257238992774685,0.023543689573667856,0.03576528514645337,0.03508670020815936,-0.03277063359357437,-0.005842499340135787,-0.03730528278804631,1.0,-0.03143584703909499,-0.007991548872868624,0.00035396527793933553,0.029473795249939806,0.018644925404743957,0.04458366533574792
ScreenPorch,0.0013302086301727792,-0.026030176699806493,0.04138279067500541,0.043160377695251814,0.06488636049351724,0.05481052878611371,-0.05036443453861163,-0.03874001074260982,0.06146554318732059,0.06202062266535013,0.08887125137339077,-0.012579273444256776,0.08448898591431103,0.0887580726201564,0.04060644764100074,0.026799413021772037,0.10151039568208489,0.023147725763573823,0.03212140720908456,-0.008106093328111913,0.07242584517037905,0.04429969112713488,-0.051613366061480426,0.05938259955941124,0.1845302695168495,-0.07541751376190625,0.0504937919271977,0.05141176244520807,-0.07418135123983265,0.0743039438502424,-0.08286424483260406,-0.03143584703909499,1.0,0.05130739451790521,0.031945760774908606,0.023216991793306135,0.010694106003783704,0.11144657114291048
PoolArea,0.057043904789252,0.008282707579624323,0.20616677527607583,0.07767239188017415,0.06516584360589141,-0.0019849422681843475,0.00494972761594348,0.0058293720371077355,0.011723061213266746,0.14049128625495722,0.041709054681333034,-0.035092240793657865,0.12605313210083696,0.13152497564028195,0.08148687804909924,0.062157372269196445,0.1702053360005609,0.06761555618047593,0.020024629838516175,0.04960382558403352,0.022381498055409857,0.0707025835654749,-0.014525116015980933,0.08375734951492322,0.09507352203619714,-0.014500678563704943,0.020933531041465493,0.0610472717020595,0.073378206956454,0.06076211148992545,0.0542025622921423,-0.007991548872868624,0.05130739451790521,1.0,0.02966865085402216,-0.033736640262790836,-0.05968893167525976,0.09240354949187278
MiscVal,-0.0062424048483025575,-0.007683291329866207,0.0033675565961912833,0.03806769201918441,-0.03140621050074753,0.06877680605724883,-0.03438313873672352,-0.010286248783081717,-0.029815393585278842,0.003571473474954832,0.0049397812284377755,-0.02383664513450834,-0.018478922431472533,-0.02109571946312286,0.01619687460438891,-0.0037928707799966834,-0.0024156395502937167,-0.023047024868617455,-0.007366524543625966,-0.01428984497085004,0.0012901448492835638,0.007766971998717766,0.062340724004381246,0.024762884163585016,0.0014086054430456946,-0.03241745782126128,-0.043080128102231184,-0.02739991441262575,-0.009551228238372386,-0.018583738987649454,0.01836060013944818,0.00035396527793933553,0.031945760774908606,0.02966865085402216,1.0,-0.0064945502212819676,0.004906262452666667,-0.02118957964030379
MoSold,0.021172176550393426,-0.013584643238322446,0.011199954759134191,0.0012049882225877388,0.07081517178517302,-0.0035108385999397577,0.012398470595442182,0.021490002226876855,-0.0059647155091142635,-0.015726948262154733,-0.015210737972006717,0.03488844300908199,0.013196178616778513,0.031371560352079074,0.03516442736179051,-0.02217396057953832,0.05023968081827258,-0.025360894315260153,0.03287270523409076,0.05587212899172362,-0.009049888212650297,0.04654385993628257,0.02658890723091537,0.036907077159844086,0.04635710249771935,0.005337025760369664,0.040521730128251617,0.02797379982354043,0.021011044294297343,0.0712548847586891,-0.02888726570714225,0.029473795249939806,0.023216991793306135,-0.033736640262790836,-0.0064945502212819676,1.0,-0.14572141267538744,0.04643224522381936
YrSold,0.0007117940170476534,-0.021407037851093803,0.007449589209775585,-0.014261407298531923,-0.02734670832780769,0.043949745692480675,-0.013617680001842058,0.03574324712128322,-0.008201030967105458,0.014358922393912487,0.03170563698488748,-0.041258194938762024,-0.01496864801875107,-0.013603770504648229,-0.028699913935284663,-0.028920879782297997,-0.036525819624723004,0.06704913767140783,-0.04652388177402218,-0.019668840691523498,-0.010268668868104026,-0.03601389283371496,0.03168720650065513,-0.03451635430217487,-0.02409556498069903,-0.001014277871289831,-0.03911690411283574,-0.027377940418558608,0.022270451009255326,-0.05761936014209498,-0.009915936955525128,0.018644925404743957,0.010694106003783704,-0.05968893167525976,0.004906262452666667,-0.14572141267538744,1.0,-0.028922585168730426
SalePrice,-0.021916719443431112,-0.08428413512659523,0.35179909657067854,0.2638433538714063,0.7909816005838047,-0.0778558940486776,0.5228973328794967,0.5071009671113867,0.4774930470957107,0.38641980624215627,-0.011378121450215216,0.214479105546969,0.6135805515591944,0.6058521846919166,0.31933380283206614,-0.02560613000068015,0.7086244776126511,0.22712223313149718,-0.016844154297359294,0.5606637627484452,0.2841076755947784,0.1682131543007415,-0.1359073708421417,0.5337231555820238,0.4669288367515242,0.48636167748786213,0.640409197258349,0.6234314389183598,0.32441344456813076,0.31585622711605577,-0.12857795792595636,0.04458366533574792,0.11144657114291048,0.09240354949187278,-0.02118957964030379,0.04643224522381936,-0.028922585168730426,1.0
